0.772044088176 0.739445114596 0.727526132404 0.779431664411
0.760288065844 0.727636849132 0.7261829653 0.780859916782
0.738009283136 0.721448467967 0.725725094578 0.767195767196
0.761392729135 0.737321196359 0.738703339882 0.776
0.767314399601 0.767217630854 0.739699149771 0.770691994573
0.757451181912 0.75486381323 0.740403383214 0.78255033557
0.748556430446 0.761442441054 0.740580605312 0.738726790451
0.8016318205 0.748159057437 0.744380218369 0.770573566085
0.771777890983 0.741620111732 0.735103626943 0.757731958763
0.77139979859 0.732 0.717670954638 0.758269720102
